18670
33370
123859
153744
169264
188911
219475
253672
301838
306006
323335
335029
356218
364522
418246
439670
464511
470625
474325
493346
519974
581832
600437
602760
612002
649951
654735
680949
712078
791050
799586
829646
864491
935538
950306
970012
1049501
1071991
1084345
1122279
1148122
1180972
1203035
1215116
1226452
1241113
1243475
1263446
1349033
1391126
1398021
1412089
1456068
1469751
1471041
1472815
1495563
1522647
1568684
1606628
1616661
1641873
1642727
1727493
1782201
1805641
1831916
1834762
1836154
1840993
1848452
1855679
1871499
1886551
1897324
1974176
1982286
2000038
2014909
2015929
2048139
2095573
2119889
2138767
2151983
2177022
2251426
2274272
2276126
2356950
2380002
2402323
2425364
2437807
2452989
2479538
2543135
2565138
2575938
2587396
2601135
2617858
2762601
2829179
2831620
2832403
2867345
2890952
2973910
2988714
3052642
3067015
3078550
3107733
3202143
3203590
3222187
3315558
3329824
3330111
3355397
3376731
3441524
3475317
3495456
3553087
3572885
3578380
3588621
3619931
3654468
3662510
3672261
3710557
3716075
3756384
3770726
3776162
3828508
3831884
3847200
3863543
3874000
3898784
3981033
4037034
4270992
4321947
4325398
4347374
4350400
4363526
4381486
4385779
4387784
4388082
4388470
4391121
4399268
4406819
4414547
4417558
4418112
4422723
4423220
4423401
4423559
4427392
4456756
4462419
4530659
4544916
4561402
4662264
4678846
4687948
4701662
4702639
4709641
4820792
4824840
4833016
4854076
4883040
4899981
4942718
4961038
4979184
5035827
5137019
5152028
5256564
5262240
5289038
5304891
5323845
5373138
5389523
5402581
5476778
5483793
5531479
5633957
5641851
5650232
5764562
5775033
5838067
5849439
5884524
5912283
5953485
5956380
6054657
6076903
6123521
6144969
6157837
6173523
6176498
6212802
6277638
6309659
6372244
6374918
6421734
6421792
6446747
6490571
6492658
6493422
6559201
6588614
6609935
6636088
6673421
6718824
6826636
6828370
6847208
6876224
6903077
6923961
6936141
6955746
6969753
7029990
7098463
7114092
7185591
7261402
7370282
7386360
7416873
7426741
7486516
7489663
7521113
7548577
7552215
7581911
7583104
7622767
7662206
7662395
7681810
7735859
7852582
7873737
7878807
7968532
7975937
8148304
8182950
8290953
8386609
8426046
8427306
8460275
8494570
8538916
8551160
8577229
8582337
8604837
8629328
8646760
8698208
8748720
8764879
8774475
8780599
8997410
9142761
9159125
9164724
9167230
9197092
9199796
9211173
9244474
9272598
9283422
9310407
9394119
9412420
9433958
9440748
9451052
9451684
9539248
9559146
9634465
9638032
9650982
9658390
9704467
9745001
9764256
9767444
9791313
9881829
9909405
9955779
9956893
10029970
10071552
10128893
10145528
10165258
10207180
10300888
10365787
10408324
10430148
10463997
10485142
10536636
10557471
10576136
10582939
10608397
10648422
10650521
10675756
10692412
10697096
10698739
10795063
10874408
10893238
10976596
10984005
10991183
11016410
11020556
11041152
11109043
11172205
11238784
11244195
11246427
11254556
11335781
11369420
11419230
11469078
11527199
11565780
11603066
11614737
11624482
11705328
11718220
11738716
11784947
11844826
11861374
11886686
11899391
12009265
12058271
12145359
12149169
12217662
12232678
12236208
12265561
12358173
12383365
12428814
12471115
12486491
12489130
12513042
12549585
12580014
12588500
12622860
12631182
12631697
12640810
12658073
12670680
12672066
12779444
12789595
12804937
12805683
12821938
12824568
12827098
12885341
12892137
12909503
12932176
12956194
12991445
12994780
13000926
13001323
13002003
13023410
13025574
13027590
13071728
13230773
13235609
13277118
13282296
13312471
13380011
13464392
13466622
13497630
13513790
13519661
13592721
13613916
13619127
13621186
13624704
13625993
13639330
13714201
13732033
13734012
13757347
13768432
13770184
13774178
13777138
13790144
13831842
13843341
13883546
13900610
13905670
13906581
13912224
13916951
13923069
13923140
13940200
13956305
13966946
13980338
14075252
14079881
14092737
14155726
14185503
14241418
14260013
14376683
14386505
14402338
14405193
14407673
14437255
14460402
14461101
14496749
14615911
14637235
14644164
14663842
14692646
14717500
14767844
14768471
14803797
14819804
14865329
14923462
14924526
14934137
15153602
15215393
15305881
15319019
15335331
15347087
15405204
15476777
15478227
15482274
15570962
15617866
15663829
15669393
15707049
15780826
15803282
15928989
15983148
16056514
16098747
16208091
16237005
16256507
16267205
16280642
16284655
16322674
16361581
16389141
16398049
16398827
16422880
16461149
16472469
16495649
16562534
16626264
16660256
16737210
16760369
16787954
16927286
16929739
16964262
16966326
16980892
16999023
17000834
17077004
17081238
17101262
17194716
17208742
17231273
17324544
17368516
17388232
17402386
17421851
17450673
17553026
17587795
17628888
17717391
17731780
17741440
17755060
17829012
17876040
17925632
17930286
17933691
17934082
17945638
17997584
18025240
18074797
18104691
18111172
18153456
18174210
18236313
18237384
18268012
18333304
18340282
18374364
18375089
18399038
18421962
18473550
18488986
18574146
18576103
18662787
18678095
18694784
18695970
18734652
18750453
18758057
18810195
18855191
18872233
18909530
18956141
19005293
19138874
19307912
19315511
19450341
19460822
19521501
19661996
19675911
19683625
19708993
19736671
19799455
19804204
19951373
19994006
20179918
20221907
20231138
20240998
20287253
20310709
20381484
20399078
20526907
20532591
20544428
20568364
20620012
20675284
20767776
20839751
20868160
20888849
20960682
20996244
20999249
21050357
21093407
21108759
21203899
21274496
21287352
21297708
21307488
21323758
21366394
21392223
21439640
21456232
21472388
21547032
21553394
21561474
21564598
21598000
21746539
21853444
21957231
22038539
22150633
22174015
22180793
22267225
22362025
22406695
22478394
22482024
22505190
22509015
22521091
22530842
22543403
22547508
22688699
22820637
22867765
22937815
22942787
23013317
23052989
23180075
23195674
23203102
23237995
23349986
23400191
23460562
23471400
23535770
23557241
23581096
23649163
23664875
23700330
23727313
23746313
23869951
23895668
23983289
24005548
24077493
24088502
24142891
24221369
24234341
24294572
24318630
24338780
24341590
24347647
24396137
24408040
24450344
24512064
24530130
24652030
24660385
24697979
24742375
24746892
24795767
24825841
24864273
24865781
24906548
24974080
25007443
25085979
25134146
25141908
25148216
25175223
25238950
25251625
25254425
25355575
25416944
25462689
25499612
25523969
25599283
25612629
25623469
25628793
25641414
25649714
25670099
25732836
25742130
25747721
25786167
25817686
25821556
25827024
25837950
25878014
25973484
26016929
26025370
26025820
26026009
26064662
26099680
26112624
26112696
26121646
26150367
26445118
26462632
26532518
26607366
26851674
26907074
26993601
27022864
27093166
27123743
27134931
27162821
27306942
27393799
27437459
27460509
27615329
27731651
27768226
27789588
27840664
27866735
27873158
27910499
28017005
28249680
28419824
28542402
28617573
28633594
28644298
28647122
28738741
28931537
28937856
29015485
29022271
29023309
29025270
29090823
29224825
29321530
29334259
29347970
29564505
29638116
29657303
29788648
29845974
30041340
30184745
30303335
30351165
30379039
30437264
30492966
30655442
30720103
30774694
30805636
30933307
31070360
31141365
31148090
31272411
31293581
31311495
31407112
31495049
31554917
31562330
31715818
31884697
31902335
32084655
32101982
32159283
32275758
32390525
32408470
32454714
32462603
32556431
32638085
32742683
32909242
32955023
33387953
33499189
33535222
33684572
33720691
33872649
33904473
33912748
33920995
33955641
33986507
33989422
34025053
34066665
34101101
34189936
34258065
34544514
34733465
34753204
34846352
34873974
35008773
35149431
35987381
36355784
36444198
36606083
36637129
36708463
36799998
36830715
36855703
37037012
37065914
37205685
37205759
37248765
37328025
37336085
37424881
37437064
37480103
37549932
37562370
37592824
37722384
38076716
38131471
38180456
38300781
38485364
38587347
38747567
38794814
38799797
38805486
38811597
39281140
39281166
39291138
39368721
39381118
39652608
40005757
40078758
40096222
40234452
40323148
40473317
40590358
40632104
40666943
40913091
41087952
41120293
41403996
41493639
41650417
41781905
41852733
42185082
42267740
42278130
42373087
42465769
43048059
43192375
43557480
43602749
43661837
43890638
44172171
44562221
44586415
44624045
44830890
45336190
45638119
46248894
46328296
46451940
46485368
46695481
46816158
49556906
51865482
51952430
51972698
52175065
52873726
53033275
54490092
54561709
56528795
56893404
60206680
61050894
68317730
71628189
72372925
74137632
75636923
79231308
80109277
80522346
81498132
85394684
85665741
85693958
87337034
87610599
87986426
109946221
117907685
118215171
143381103
167944455
195689316
198133135
198309074
